2827
3151
3503
3214
2881
2971
1878
3507
3430
3741
4347
2945
3019
4004
3127
1731
2174
1884
3408
1548
1695
1597
2050
2191
1770
2692
3187
1879
3462
2676
2136
4177
1555
1702
2143
2722
2314
2979
1607
1964
2874
3673
1812
2162
2567
3489
4080
2212
2889
1791
2116
2053
3956
4111
4553
2513
4199
521
4363
1016
777
1028
4141
4268
4556
2584
3738
3950
3736
3793
1217
3246
2432
101
113
294
4714
3815
4136
4154
4422
317
4265
4489
4331
4445
2895
3447
3836
3552
4214
2376
4144
4491
1505
3495
3117
3358
4430
4440
4068
4131
1196
615
2196
4079
2919
882
1192
3319
4027
3343
1889
3735
1458
4421
2862
3072
4483
3067
3438
1977
3375
4679
2422
3025
1928
2833
3437
2512
3429
107
4666
4667
3786
3113
4441
2818
4277
3667
4253
3651
3720
3629
4337
4449
3212
3639
3659
3334
4250
4063
3682
2666
3177
2466
3194
4336
1742
3103
3363
2915
4254
4409
1058
4137
4481
1388
3708
2812
3164
2131
2284
2109
2739
3304
3805
2397
1754
1779
1894
3167
3559
2242
2364
3411
4017
4202
4210
3403
4140
4388
4485
3289
3784
2774
2114
2620
3254
2958
3033
2773
4357
3029
3912
2977
4407
2860
3941
2984
3620
2932
3535
1858
3834
2480
2089
2178
3573
3900
4375
3104
2737
4209
3253
3292
4040
4546
1730
3001
2705
4516
3175
3219
4451
2163
2394
53
659
194
1092
2029
1974
2770
3242
2256
2469
4143
2059
4106
1980
2503
4035
3607
1178
4288
2085
2695
2929
3125
4392
4734
4527
550
3951
2404
2402
4057
2492
4243
857
1140
977
3218
3521
1076
3018
4613
4614
1195
3133
3612
3889
4181
3040
3955
3494
4234
3525
4069
2928
3901
3022
4517
2387
3788
3850
4398
2959
4255
3774
2566
4190
2735
1665
3076
3545
1921
4167
449
2319
3816
2559
2596
4173
3082
4023
2678
4239
3423
4358
4049
1962
3544
3173
4412
832
2498
2138
3491
2229
2658
3767
3484
3893
293
3998
2200
4050
3498
4216
2049
2605
2405
2460
2086
2594
590
37
156
4354
3820
4044
4435
4539
4231
4213
4227
4002
4036
4478
4466
4376
4433
4735
3769
4222
3744
4033
4115
4182
4183
3688
4155
3719
3949
4429
2585
4503
4295
4505
4507
4552
4364
4472
4179
4361
2592
4329
4471
4518
4467
2537
4482
4506
4212
4313
4003
4006
3983
1933
4379
3663
4031
4186
3881
4038
3882
4427
4428
3234
4094
4456
4457
3390
3811
4554
4555
3875
3718
4156
3606
4651
3980
4285
4359
4437
3982
3988
3466
3352
296
3553
3229
4453
3603
1112
3707
3831
3989
769
3931
1297
1908
2170
2591
4164
3181
3271
4244
2519
3251
4310
3511
4092
4397
4550
2992
3339
3993
2133
2953
4005
2333
4113
280
291
3152
306
328
4536
327
4356
4088
3575
3576
3323
3812
4319
4309
3985
4160
760
813
1202
3957
238
4165
4000
1829
1911
1961
2840
3580
2455
3872
3460
2859
3907
3388
3972
4098
4286
4343
4097
301
3960
27
300
1197
320
177
220
4504
1403
1802
4369
4557
2549
42
148
309
1234
3987
4534
3298
284
379
841
4258
4174
4645
4646
723
904
3792
4176
4468
271
3787
2734
4205
3870
4078
3584
382
491
2035
454
458
4317
4318
331
4294
3709
4425
1877
3669
1786
956
3536
209
1220
4681
302
347
3743
4470
3704
2864
3360
2061
3976
3081
4419
1512
173
1296
1310
2993
3790
1351
1382
1341
2042
4605
4606
1708
2195
3260
3685
1473
2430
3622
278
3085
282
4247
4678
13
1324
3560
3676
3055
2892
2936
1955
3192
2789
1519
2282
123
958
2113
1049
2181
2353
1759
2726
2164
2356
2330
3658
4548
1853
2408
1425
4192
3974
2464
2698
2276
3086
3389
1579
3581
2275
3799
310
412
1797
1603
2391
3994
4382
4377
3398
2173
3376
204
4727
372
1277
1349
3482
201
1294
1342
4479
231
1707
2434
2590
3657
3853
4246
4117
4461
4462
4291
4378
4484
4306
4307
2375
4299
4300
4298
4432
4102
4297
4439
4509
4013
4197
4372
330
4542
4203
3724
3783
4370
1992
4528
3296
4096
4476
4352
4519
3753
3754
4292
4293
4544
4545
4303
4304
2077
4278
1871
1936
4019
2064
4090
4215
4218
4219
3868
3433
3683
267
297
2514
2383
1290
1722
1794
3944
4345
4460
1988
2036
1618
4030
4452
4037
4221
3895
4426
1189
1200
273
2693
1215
4022
4513
4147
2546
4132
2588
3356
1904
4393
1595
2461
3970
4029
3929
3935
3597
3936
1671
2427
4128
1550
1577
1390
1201
1456
2552
2023
2437
1364
4238
1827
4500
1592
2033
3541
3751
1405
2542
1795
4326
2166
3023
1916
2358
1326
3326
2541
4325
319
2206
2491
1750
1882
2069
4302
3587
1897
1398
2038
3091
3137
4444
4447
3905
4142
4159
4312
3706
3937
3416
3546
2183
3684
1999
3711
1893
3578
3640
1701
1892
1713
1957
2865
3574
3572
4130
4175
2076
3765
4477
3293
4524
4032
4211
4389
4384
4220
4520
3749
4269
4342
4497
3624
3687
3233
4198
2743
4351
3768
4530
248
1328
2324
1622
3463
1470
2565
4138
4223
4232
4405
3543
3497
1824
4488
4241
4366
3414
4367
4416
4417
4495
2545
4045
4043
4464
4046
4228
3880
4502
4537
1414
2403
4281
4420
4274
4480
4178
4390
1570
1642
1682
3496
1852
4009
1387
2266
2664
1483
1584
1891
1545
2153
1526
2489
2768
1536
1922
1663
1457
1960
2868
1941
2294
1556
1593
1788
1831
2117
1946
2399
2273
3668
1699
1492
1333
1605
2723
2883
2161
2357
2252
3059
2804
4305
1753
3316
3454
4252
4251
4338
4726
1561
1620
2389
3459
1485
4551
3057
3857
2041
2098
2184
3362
452
583
2092
2192
2145
4095
2937
3093
3369
4414
3999
3547
3756
1832
3762
1716
3417
3897
2786
3347
2669
2738
1920
2034
2094
1410
2054
1287
3713
2478
3170
3664
3967
4280
4619
4620
1636
1542
1568
2603
2509
2538
4413
1312
2312
2363
2097
2246
3341
3801
3121
4226
1434
1685
2618
1874
1903
3761
2398
2551
411
4290
2286
4443
3195
3838
1711
2268
3648
3565
3569
4196
3785
4206
3461
3945
3681
4123
3419
3062
3631
3050
3311
3821
2836
4020
3226
2670
3662
3100
3182
3746
4349
4350
3959
3315
3716
4617
2534
4618
2612
3096
3418
3625
2442
2140
2231
2099
1843
1924
2107
1638
1651
2218
2332
1366
1714
2213
2307
2900
2270
2431
3865
3921
4042
4436
3189
3455
2990
3404
3509
2810
3172
3230
1906
1942
2792
4026
1589
1648
1814
1890
2238
3243
2639
1365
2158
2825
3006
3465
3129
3964
2207
3646
1627
1686
830
1411
2717
1668
2259
3090
1441
3422
3733
3616
3856
2655
2761
3725
1706
3840
512
653
3373
1733
2477
2536
1883
3854
1591
4365
4473
3446
3634
2651
3080
1825
2179
1327
2457
1670
2941
1412
1657
1407
1433
1868
3586
1726
2652
3372
3590
2290
3028
3940
1842
3399
1679
2148
2777
1393
1847
2557
3294
4083
4085
4270
3236
3879
3095
4275
3107
4272
1151
3887
2757
2758
3015
4084
3888
2749
3873
3281
2641
2755
2747
3641
2694
3789
3715
3717
3370
3722
3475
3996
3409
3445
3515
2944
3609
3401
3442
3596
3829
3582
4271
4021
4116
3216
4383
1870
3958
4434
4100
3479
4001
3859
4089
4355
3514
2863
1621
2547
4207
3962
4062
3677
3759
2384
3183
2362
4163
1783
2429
4267
4396
2250
4541
2180
2799
3844
1560
1863
3827
2245
1956
3031
4169
3201
2301
1880
2260
1984
2233
3193
3255
3978
2274
3428
3166
3126
1507
4716
2462
1596
1357
1966
3473
4287
2311
2682
3250
3653
3917
2697
2839
2852
2483
4048
4224
1558
2657
1480
1531
1981
2012
3283
3184
3240
3660
2938
3158
3268
3178
906
1539
2891
3220
3290
3615
3052
3213
4161
3777
4007
4101
4387
1758
2090
2219
4024
3366
2661
3444
3891
4229
3824
3825
2856
3828
2893
3078
3795
2721
3144
757
1377
2185
1569
1721
1644
2671
2634
3119
3823
2917
3335
3221
3561
4496
3679
4320
3450
3453
3852
3313
4074
2500
3969
3635
2504
2783
4171
3012
3764
2635
2716
2709
3157
3406
3551
2930
3128
4086
2897
2954
3039
3097
4533
4458
4459
2821
3505
2562
2379
4008
2321
2629
2947
1804
2111
2226
2654
1821
2973
2822
1704
3440
1572
1735
2265
2167
2227
3005
3382
2925
3555
2365
2707
2869
4108
1717
2299
1455
3499
809
2679
4627
4628
1203
4423
4353
599
4463
1149
3299
3863
3670
3814
3138
3532
3142
3745
3927
2966
3256
2627
2742
2293
4107
3136
3397
3391
3330
3364
2631
2728
2765
2769
2927
1856
3502
2779
2969
1372
2808
4540
2175
2253
3306
2390
2955
2623
3470
2877
2190
3457
3508
2775
4091
2748
2838
2636
3368
3424
3869
3046
3361
4060
4065
3054
3451
3593
3628
4076
2824
3056
3065
3206
3087
2216
3305
2341
2715
1834
4276
2994
2440
3042
2305
2780
2961
3016
1690
2037
3064
1443
2645
2613
3894
3618
3098
3371
2991
3108
3645
3650
2763
3203
3506
4081
3885
2621
2794
3264
3348
3623
3017
2962
3101
3044
3643
2649
2861
2943
2760
2940
3211
3249
2609
2740
1914
1734
2415
2448
2130
2417
2334
1826
1835
3115
4391
1630
1902
1918
3225
2445
2640
2614
3020
2817
2745
3986
2291
2691
2946
2411
2754
2795
3282
2910
3592
3174
3665
2677
3284
2127
1430
1320
2672
1639
2406
2110
2344
2160
2254
2967
3730
3232
3245
2425
3069
2315
2128
2842
2699
2931
2647
3150
2371
2316
2458
1944
2343
2714
2626
3070
1765
3077
3468
2811
3656
2978
3270
3393
2849
2998
2642
2194
2361
2587
2766
3061
3291
2956
3149
3286
2688
2974
3083
2095
2339
2249
2382
2263
3953
2901
2809
3627
2711
3619
2171
2006
2633
1712
2199
2327
2668
1495
2243
2798
2615
1567
1844
3579
3808
2701
3030
2848
3813
3807
4112
3916
4189
3588
3691
3780
4521
3032
3954
2802
2815
2703
2532
3160
3946
3011
3354
4264
3153
3721
4157
4348
4235
4385
4200
2624
1839
3876
1898
2235
2920
2713
2968
3365
4259
2508
3661
2951
4191
2686
3773
3758
3004
3350
3131
2708
3063
3197
2772
2782
2667
2797
2706
2105
2380
2832
2878
3010
2689
3110
3699
3227
4230
2858
2985
3106
3205
2756
2922
3027
3604
3274
2729
3165
2264
3053
3287
3013
2918
3269
2638
3913
2776
3674
2188
2441
3079
4082
3168
4104
3518
2902
2787
2844
4052
4242
3796
4041
4249
4418
4187
3819
3899
2683
3379
3690
2120
2871
2230
2203
2146
2285
1653
4125
4170
3208
3841
2119
2875
2646
2650
2157
3308
2997
3517
3089
3176
4415
3147
3655
2202
2410
3943
3140
3196
2753
3431
3817
3448
2628
1945
2610
2208
2926
3636
2718
2204
2830
3102
3647
3649
3689
2736
3864
3965
4225
897
690
2056
1105
2325
1097
1182
585
962
1082
1207
733
435
840
1136
1068
1187
378
679
862
4208
1143
1168
624
669
466
1081
1020
641
681
4034
432
994
1084
206
1104
776
4194
764
907
1185
781
938
2395
540
770
459
920
634
673
823
727
1145
799
1024
1072
1120
2426
4649
787
934
4648
603
741
811
872
1035
773
1128
804
1017
1078
936
1131
1147
1055
887
1181
1107
1130
660
981
602
619
735
796
756
664
898
1199
573
431
493
971
620
398
1155
1152
731
433
884
656
712
972
1052
876
943
793
576
916
1114
661
767
1095
142
1746
441
1476
918
1043
951
1050
1079
1099
1129
211
970
877
903
3979
954
1006
711
561
524
975
3336
638
761
706
1989
518
700
515
1177
790
966
569
843
1025
517
4490
997
1139
878
687
778
683
1003
893
917
737
533
649
798
492
818
3666
2
730
820
1037
1138
1397
3047
3487
4055
305
91
261
88
143
272
4135
168
193
295
269
329
2778
863
1148
482
2451
677
803
792
742
845
3043
223
511
974
947
998
1005
643
532
826
1976
176
746
1042
1056
752
1087
1033
901
1180
750
594
654
580
606
484
1088
740
635
1047
665
1045
1036
1039
544
933
772
910
526
650
498
749
729
768
915
1109
424
1206
4323
623
1051
821
1038
1089
1135
715
1040
806
986
655
942
1085
1106
568
657
784
844
1041
1091
949
1070
1102
1069
1074
1121
1075
1086
868
1094
682
1077
394
759
824
941
1101
894
1034
1073
808
973
1048
1071
755
1066
1159
487
1118
978
651
672
939
991
825
1179
707
879
891
1171
1137
455
1062
630
885
666
780
1083
896
1046
1096
861
1065
802
1166
886
1132
571
1186
794
889
2882
467
892
964
385
474
710
1012
888
1100
1169
914
1212
4689
1044
3359
4289
758
478
717
500
551
564
434
4693
2790
485
691
987
708
953
837
4654
869
807
1009
395
413
426
668
822
1001
646
2450
4650
477
775
716
1026
4328
1111
4501
1015
618
946
985
883
993
983
1172
1153
831
1007
1448
71
3522
1134
2234
2401
1440
1646
732
4615
4616
2091
2446
4446
996
771
451
701
763
753
913
783
911
662
848
3800
699
3396
680
693
131
2060
4121
152
82
192
80
170
172
468
1275
163
955
213
61
244
270
287
1930
1619
2005
3185
3739
3975
801
2746
4633
4634
2482
3520
692
592
739
2481
3605
1937
4105
19
4158
4395
381
4321
4694
4702
4699
4701
1223
4728
1214
4695
1210
4660
1218
4718
4659
4717
4703
4730
2577
3049
3021
3318
2554
4172
2656
2648
3045
2847
2673
3037
2909
3367
3130
1985
3038
2712
1934
2680
2911
2490
3241
3692
2806
3458
1337
1640
2108
2132
2459
2295
2373
2210
3204
3778
2308
2221
2428
1886
1773
1833
2421
1535
1862
2986
2258
3000
2352
2101
1729
3486
2326
1796
2298
1757
2414
3279
3531
3991
3533
3542
3984
3002
3527
2823
3729
2058
2378
3534
3977
3477
4729
3478
3600
3394
3480
2348
3528
1993
2271
3407
3598
3727
1098
522
2913
1987
4499
1613
1799
2474
1950
4424
1163
1303
4526
2201
2279
2416
530
2449
1723
2939
1381
1482
1415
1416
1408
1426
2982
3566
1752
2051
3961
3734
1532
581
1334
3779
1363
1739
1386
1869
3755
1119
506
1108
1000
3322
2887
1792
1926
2144
2152
1860
1923
3878
658
4705
4053
4071
307
247
4263
698
2269
4296
1488
2413
3680
3849
810
849
3766
3456
3493
2724
3328
2217
2456
4308
4442
3797
3909
4279
1968
2211
3585
3118
1705
3630
2904
3938
1565
3145
2139
2280
2872
3567
1389
1444
2965
3344
3500
3848
3483
3169
3802
3911
4368
1115
3355
4475
4180
4362
2346
1304
1378
2257
3750
3386
2972
3116
1054
2289
2349
4334
2949
3490
3228
2741
2907
1564
2501
3867
1998
4403
445
1371
1678
1755
1895
3154
4012
2800
1861
2886
3548
1696
2186
1813
2288
1907
2302
688
3105
3919
4122
4316
3188
4011
1661
2000
3134
1952
3926
2896
1632
3275
1525
4087
2351
3963
2318
4245
1353
2122
1331
2725
3265
3902
3757
3903
2499
3035
3320
1624
1669
2762
1395
1562
3540
1573
2535
1314
1503
2182
3075
2368
2472
1850
1666
3997
1818
3436
4644
1654
1652
1660
2381
3737
3550
4010
3617
2292
2354
1325
1424
1698
2524
1887
1991
1409
2165
3775
1301
2870
1958
2112
2081
4624
3772
4120
3415
3845
3594
3595
3058
2988
3303
1662
1732
1547
2879
1546
2700
1854
1901
1647
2355
2660
3014
2934
2168
2793
3190
3763
2141
2702
2123
1675
2172
2028
663
919
797
1053
671
952
2244
2197
2150
2439
1631
2386
2511
1544
1641
2561
2581
3922
3696
3920
2533
2903
1625
1335
2412
3171
1645
2002
3860
1609
1846
3728
3837
2894
3024
2960
3526
3237
4257
2026
2278
1170
1736
1913
2791
2643
3385
4119
2632
2876
1769
3060
1524
1975
2214
2444
2970
1637
1996
3207
2169
1837
1940
1820
2372
3071
3066
3861
2193
2801
2730
2732
2880
2873
3611
2720
2008
3179
1672
1417
2400
3554
3851
2003
743
1781
2347
1865
1438
1469
4188
1437
1498
1800
1431
1983
1986
2568
2630
2719
3427
3570
3862
4067
3839
3452
4406
3217
3858
2854
3705
3842
3890
3392
3469
4093
3155
4150
3712
3695
3939
3258
3701
4139
2906
4145
2908
3295
2027
3276
1938
3381
2834
3568
3501
2040
235
1313
1385
3041
1499
1954
1552
1428
1876
1374
1394
1467
2921
529
1855
1540
2304
2124
2888
1311
1406
1771
2300
3973
3686
4404
4284
1319
2515
3329
4262
2102
2118
2528
2241
2018
2222
2261
2485
1373
3810
2223
2147
3632
1338
613
1857
3114
4114
2121
3866
875
4455
631
4583
4584
621
1022
836
1116
4124
1060
1204
3726
2814
2829
3826
3855
3135
2803
2981
2807
2819
3143
3732
1429
4725
3510
470
1067
1018
392
409
542
3614
1727
1808
2262
1521
1749
1784
3439
3441
159
2031
339
2898
336
3952
4498
340
3633
332
341
335
334
4712
3504
3923
4335
2126
1471
2323
2710
2619
3871
3235
3886
3464
3549
4237
3925
4386
4438
1336
1282
1369
1370
1460
1527
4059
1340
3602
3163
4431
4056
4146
4047
2831
3199
260
4015
4373
4018
3247
3345
3798
2435
2604
2055
2359
4399
4514
3156
3300
3351
496
497
2952
3771
448
554
1744
3562
4493
1927
2582
501
1689
1658
2135
1523
1748
3472
1300
1953
2009
1295
4661
1308
1528
1529
1383
1322
1432
1571
2454
1910
1279
2296
3702
2976
1588
2510
2805
2816
2407
3210
1479
1823
4073
2236
3420
3529
2149
4153
1449
2843
1995
2320
1330
1459
1582
1816
2855
3818
4341
3048
1772
3084
1724
3026
2007
2784
3263
2255
3161
3644
1533
3933
1836
3288
2662
1943
2419
3601
2796
3148
1360
2125
1780
2727
2744
2297
2731
1932
2310
2948
1321
1362
2313
3094
1581
3259
871
3088
2129
2996
2644
3694
2367
3675
1309
1551
1848
263
264
2156
2665
2899
2198
2345
2471
1606
2189
1057
3591
1346
2154
4066
4103
1709
2177
1359
1375
2828
1427
1468
2096
1474
1559
1840
2159
1822
2237
3244
3809
3202
3443
3198
4061
1543
2957
2331
1959
3068
2781
3697
3934
3698
2950
3139
3492
4134
3910
4039
3896
3122
3481
3034
3123
3099
3671
2933
2942
3124
3898
4233
2890
3948
2905
3599
3742
2983
3224
2764
2980
4110
3307
3892
3186
3302
2637
2663
1691
2570
3488
2989
3008
2622
2788
1635
2176
1864
2142
2392
2813
3613
3626
2187
2884
2685
3723
1873
1875
3874
2851
2995
3942
3434
3703
2690
3519
3036
2853
3835
3380
3966
1554
1806
3794
2396
3770
2835
2022
1578
3930
1380
1963
1585
1925
2751
3558
2540
2100
2470
1664
1611
2329
2750
4609
4610
1851
686
1939
2675
3731
1815
1828
1628
4531
1745
4581
4582
4282
2553
1318
2267
1292
1490
1576
2079
2543
4532
1293
2087
3467
1285
1725
1504
2574
1667
1970
1391
2523
1281
4672
2014
2228
1520
1634
3924
1278
1602
2544
1355
1674
4217
1626
4311
2350
4639
4640
1659
2525
2046
2115
1329
2322
2563
4324
1720
2975
3377
1491
2340
1683
1896
1598
2586
4523
3073
2039
3333
2043
3278
3843
2520
4051
2336
3435
1741
2240
2653
3314
3215
4402
4465
1982
3947
3583
3051
3847
1413
1997
2583
1971
2239
2476
1798
1845
2082
4510
3672
3678
1881
2052
4411
2025
2560
1291
3556
1761
1549
1947
2687
3710
3714
1697
1452
1680
2342
2385
1032
598
909
1656
1782
2335
2625
1450
1935
3971
4168
240
1594
1718
2857
141
179
161
257
255
288
312
167
2488
135
102
124
125
3760
4454
1423
2571
1949
4327
1110
1093
4070
2517
1700
2518
4535
2572
2579
489
480
1061
751
1124
627
2522
1994
2272
1929
4340
2048
461
1900
2550
509
926
396
473
427
1031
645
990
471
1193
1059
488
549
4248
989
2303
2374
674
422
1030
4126
816
1176
705
3563
1126
3426
420
508
902
2232
4266
2964
572
443
774
765
874
503
587
988
1158
738
597
873
842
895
932
582
555
736
1583
2370
1859
3557
704
819
502
675
1518
2507
589
3297
697
2215
866
1117
795
450
534
2826
2850
3301
3449
1905
1379
1747
1655
1673
1872
1587
1604
462
724
538
786
607
4621
959
2438
4611
4612
1537
1703
3512
4152
1760
160
228
3074
1687
1809
286
4622
1316
2151
2338
3280
1965
1973
1608
1909
1446
3387
23
134
54
70
69
188
22
186
805
1623
346
2593
2598
633
1419
308
2328
3524
3990
3337
3338
1162
1141
1144
3932
596
982
1439
4715
1157
243
4625
4626
1451
4658
593
274
3981
86
76
15
165
4260
237
626
578
407
925
527
609
519
1173
110
112
870
922
256
1190
2017
929
2021
536
695
622
722
575
567
696
447
525
1125
499
539
4603
4604
400
417
714
1472
560
1356
2527
175
4675
304
313
326
17
4599
4600
1021
1205
1361
1719
4652
4653
299
1396
239
324
617
720
846
359
415
1225
155
1262
1615
30
357
4315
4597
4598
1368
1575
1298
3637
3539
1227
1785
791
726
457
513
854
948
678
694
853
2224
1969
2306
1358
2496
3906
4054
1103
1161
833
992
931
718
855
1167
995
1188
368
912
520
937
1010
616
1008
1154
685
4448
464
1165
4129
483
860
408
648
829
1
553
1276
4722
370
4724
4567
4568
4469
190
957
430
1014
2104
2436
535
789
2599
632
3310
481
505
4072
545
905
579
1146
835
976
494
605
1174
463
423
577
495
1063
401
414
1191
1080
1160
1175
391
399
429
476
629
979
604
469
709
2681
610
2251
4273
4371
1113
608
814
1915
839
1029
719
625
838
2369
3782
2767
1343
2935
1530
1122
1123
2846
2360
3577
425
702
403
475
4185
4330
3833
4151
4333
421
940
881
734
945
1888
174
3327
153
4607
4608
3740
418
510
157
1142
1979
600
800
3516
103
200
227
1885
1763
1442
1506
2205
2963
3928
3191
4148
1684
1580
2010
3412
667
747
3471
3832
1354
4184
1494
1522
3257
541
3413
3120
2073
1305
2447
2526
1767
1208
3995
1803
4670
1990
3180
397
3159
87
245
611
1213
453
1345
543
670
3425
548
642
97
591
51
137
11
140
184
1768
1866
258
162
214
226
242
3485
1692
2914
4474
2016
1332
3346
405
1267
552
562
29
406
1421
49
66
139
2539
58
151
120
252
33
197
60
900
62
67
644
9
84
323
817
358
365
68
311
390
387
558
614
637
41
465
384
1222
923
4731
965
984
812
486
980
460
1156
221
45
158
154
119
1011
362
1392
393
684
3589
566
1013
1241
3791
183
1240
2032
65
83
26
4671
3621
3822
442
1493
612
1027
766
1508
1738
233
2530
2220
4408
437
725
3883
210
115
147
2468
268
191
3538
128
198
144
218
207
166
266
2287
146
928
94
127
28
31
1242
1255
1257
219
1235
178
1649
236
1617
289
64
121
246
12
185
4149
114
222
35
298
108
1629
2088
57
563
389
546
388
858
14
85
1236
1244
109
217
316
1420
122
138
99
234
44
55
56
63
216
4698
34
321
1553
89
195
199
32
251
265
132
182
3748
2845
171
46
105
118
1315
169
2057
4410
1715
2486
2248
2497
1912
2075
3803
2309
3432
117
850
111
149
4720
104
208
205
241
38
215
3273
3992
254
225
276
292
106
230
10
20
52
647
74
164
129
250
16
283
98
145
212
229
73
253
48
95
203
72
40
133
130
116
232
1466
2916
1681
1599
50
436
490
277
285
25
43
4637
150
4638
2696
36
3474
39
3530
126
136
47
77
75
78
3638
3132
3252
59
3262
24
249
3239
3357
3111
3238
3654
3109
4099
1762
2595
1538
2475
1384
444
528
4283
1633
1807
3806
1399
3652
4587
4588
1265
1270
4631
4632
1247
352
4643
1574
2443
4016
2502
2555
1614
2044
333
338
4635
4636
3884
1586
1404
1486
2578
2616
2062
2752
1694
2065
3009
3421
1401
1777
1793
3405
3277
3324
2463
2576
4508
2045
4109
556
2452
2453
1090
559
584
4201
4118
4314
4339
1612
1688
1610
2564
3564
3915
3285
3331
2071
2209
2601
4538
1789
2063
2337
2589
4492
3700
2074
1790
2467
3162
3383
3402
3384
3608
4058
2866
2867
4641
4642
1453
1454
1517
1509
1502
1514
1496
1511
1464
1436
1478
1402
1435
1317
1284
1643
1256
1258
1350
1489
1510
1497
1516
1462
1463
1513
4691
4709
2684
3200
2606
2607
2608
2617
3261
3353
3007
3776
3092
2923
3003
4684
4683
4685
4680
3
4732
446
999
348
4710
908
703
899
4711
402
927
1221
1348
1764
1302
1286
1307
3266
2771
2924
318
3918
3410
4656
3317
3830
3209
4064
3642
2493
2602
2484
2423
3312
2393
3231
2785
3968
2494
2506
2409
4127
4077
2987
3804
3321
3610
4166
4400
4487
2580
4133
4195
728
930
3112
3222
2247
2030
3752
3877
2424
2433
1216
2011
275
4512
4543
1283
1751
303
3342
92
3267
4332
1590
1867
3904
4515
4025
2912
3325
935
1224
1273
1274
180
4575
4576
353
4707
1269
8
343
1252
1254
5
4558
369
4579
1248
4668
1231
1239
1259
1243
1233
4688
4
7
4569
4570
1232
4723
344
345
4591
4592
1226
1261
4560
4561
4562
18
1229
21
1250
1246
2556
1260
2505
6
4602
1271
4601
325
4721
202
4573
4574
4700
4713
1268
1237
1238
366
439
355
363
367
4655
1251
1264
1245
1228
1272
0
1230
364
1183
4593
4594
342
4585
4586
4595
4596
189
1211
354
360
4563
4564
361
4676
639
4665
4674
4565
4566
350
351
356
4559
349
1253
4623
1775
2083
440
4236
3914
4511
867
4549
1801
4401
713
1484
380
1219
865
921
507
586
1766
504
960
1693
2047
3846
2134
3146
2013
1465
1710
419
456
745
1194
762
782
721
852
3141
472
2418
322
547
1019
4014
676
847
652
79
1563
574
851
259
1002
2093
2015
4322
2600
1461
1817
4360
537
4162
2070
2487
3400
4193
187
281
1601
4374
3476
4075
1838
90
181
314
2529
1650
1400
3693
4589
4590
1266
1249
1263
2019
1500
1948
1418
523
588
1023
827
514
3332
531
479
748
969
2068
557
640
2078
4240
438
1776
1150
2225
1481
1600
1917
2103
4494
4344
4346
3513
4394
3349
3571
3781
2067
3272
4522
859
1133
1184
779
856
924
628
880
961
636
570
834
963
565
754
815
828
1064
1164
386
689
944
968
785
416
967
2004
601
1127
3223
595
744
3395
2674
3747
3537
2611
2820
1289
1787
2885
1557
2001
2733
3523
4204
404
410
1422
1306
1323
1347
4686
4696
93
4697
4580
196
4571
4572
4663
4733
373
4704
4708
3374
4706
337
4664
224
2837
1299
1811
2704
4719
1541
2283
2473
1616
4662
788
4687
315
383
1774
2066
1447
1743
1810
2072
1931
2516
4673
1004
428
950
2465
1198
4529
1737
4657
4677
2479
4486
890
1756
1344
2084
4690
375
374
377
376
371
4692
1515
1841
1209
1288
1967
1805
1501
2420
2573
81
1830
2575
96
100
2548
1951
2597
1445
3378
2277
2281
2841
2024
2106
4380
3908
1972
1352
1566
4669
4577
4578
1534
262
2388
290
4450
1728
4547
1849
1280
2137
279
1899
4525
4682
2999
2155
1367
1978
1376
1740
4301
516
1676
2317
2377
4256
2495
3340
2569
1778
1919
2521
864
2531
4261
1475
2366
2080
3248
3309
2659
2759
1477
1339
1487
1677
1819
4647
4381
4629
4630
2020
2558
4028
